0.00128958	8.97562
0.00257916	10.3382
0.00386874	11.7054
0.00515831	13.0744
0.00644789	14.4433
0.00773747	15.8103
0.00902705	17.1745
0.0103166	18.5349
0.0116062	19.8908
0.0128958	21.2416
0.0141854	22.5871
0.0154749	23.9267
0.0167645	25.2601
0.0180541	26.5872
0.0193437	27.9078
0.0206333	29.2217
0.0219228	30.5288
0.0232124	31.829
0.024502	33.1219
0.0257916	34.408
0.0270811	35.6869
0.0283707	36.9585
0.0296603	38.223
0.0309499	39.4801
0.0322395	40.73
0.033529	41.9725
0.0348186	43.2078
0.0361082	44.4357
0.0373978	45.6564
0.0386874	46.8698
0.0399769	48.0758
0.0412665	49.2747
0.0425561	50.4663
0.0438457	51.6507
0.0451353	52.8275
0.0464248	53.9977
0.0477144	55.1601
0.049004	56.3157
0.0502936	57.4641
0.0515832	58.6058
0.0528727	59.7401
0.0541623	60.8674
0.0554519	61.9876
0.0567415	63.1008
0.0580311	64.2072
0.0593206	65.3066
0.0606102	66.3993
0.0618998	67.4849
0.0631894	68.5638
0.0644789	69.636
0.0657685	70.7013
0.0670581	71.76
0.0683477	72.8119
0.0696373	73.8573
0.0709268	74.896
0.0722164	75.9283
0.073506	76.9541
0.0747956	77.9731
0.0760851	78.9858
0.0773747	79.992
0.0786643	80.9917
0.0799539	81.9858
0.0812434	82.9729
0.082533	83.9537
0.0838226	84.9288
0.0851122	85.8972
0.0864017	86.8594
0.0876913	87.8158
0.0889809	88.7659
0.0902705	89.7099
0.0915601	90.648
0.0928496	91.5799
0.0941392	92.5062
0.0954288	93.4262
0.0967184	94.3404
0.0980079	95.2494
0.0992975	96.1514
0.100587	97.0482
0.101877	97.94
0.103166	98.825
0.104456	99.7049
0.105745	100.579
0.107035	101.447
0.108325	102.311
0.109614	103.168
0.110904	104.02
0.112193	104.866
0.113483	105.707
0.114772	106.543
0.116062	107.372
0.117352	108.198
0.118641	109.017
0.119931	109.832
0.12122	110.64
0.12251	111.445
0.123799	112.243
0.125089	113.037
0.126379	113.825
0.127668	114.609
0.128958	115.387
0.130247	116.16
0.131537	116.928
0.132826	117.692
0.134116	118.45
0.135406	119.204
0.136695	119.952
0.137985	120.697
0.139274	121.435
0.140564	122.17
0.141854	122.899
0.143143	123.625
0.144433	124.344
0.145722	125.06
0.147012	125.771
0.148301	126.477
0.149591	127.179
0.150881	127.876
0.15217	128.57
0.15346	129.257
0.154749	129.942
0.156039	130.621
0.157328	131.296
0.158618	131.966
0.159908	132.633
0.161197	133.295
0.162487	133.953
0.163776	134.606
0.165066	135.256
0.166355	135.901
0.167645	136.541
0.168935	137.178
0.170224	137.811
0.171514	138.439
0.172803	139.064
0.174093	139.685
0.175383	140.301
0.176672	140.914
0.177962	141.522
0.179251	142.126
0.180541	142.728
0.18183	143.324
0.18312	143.917
0.18441	144.506
0.185699	145.091
0.186989	145.673
0.188278	146.25
0.189568	146.824
0.190857	147.395
0.192147	147.962
0.193437	148.524
0.194726	149.083
0.196016	149.639
0.197305	150.191
0.198595	150.74
0.199884	151.285
0.201174	151.826
0.202464	152.364
0.203753	152.898
0.205043	153.429
0.206332	153.956
0.207622	154.48
0.208911	155.001
0.210201	155.519
0.211491	156.032
0.21278	156.543
0.21407	157.05
0.215359	157.554
0.216649	158.055
0.217939	158.553
0.219228	159.047
0.220518	159.513
0.221807	159.949
0.223097	160.33
0.224386	160.641
0.225676	160.86
0.226966	160.961
0.228255	160.914
0.229545	160.708
0.230834	160.333
0.232124	159.782
0.233413	159.019
0.234703	158.068
0.235993	156.905
0.237282	155.55
0.238572	154.012
0.239861	152.323
0.241151	150.423
0.24244	148.348
0.24373	146.128
0.24502	143.812
0.246309	141.627
0.247599	139.515
0.248888	137.451
0.250178	135.455
0.251468	133.672
0.252757	132.067
0.254047	130.613
0.255336	129.404
0.256626	128.359
0.257915	127.47
0.259205	126.738
0.260495	126.15
0.261784	125.763
0.263074	125.568
0.264363	125.447
0.265653	125.362
0.266942	125.304
0.268232	125.268
0.269522	125.263
0.270811	125.263
0.272101	125.263
0.27339	125.265
0.27468	125.266
0.275969	125.267
0.277259	125.266
0.278549	125.267
0.279838	125.268
0.281128	125.269
0.282417	125.266
0.283707	125.267
0.284997	125.267
0.286286	125.266
0.287576	125.265
0.288865	125.266
0.290155	125.265
0.291444	125.262
0.292734	125.261
0.294024	125.26
0.295313	125.259
0.296603	125.258
0.297892	125.257
0.299182	125.256
0.300471	125.255
0.301761	125.256
0.303051	125.257
0.30434	125.257
0.30563	125.254
0.306919	125.255
0.308209	125.256
0.309498	125.256
0.310788	125.257
0.312078	125.252
0.313367	125.252
0.314657	125.253
0.315946	125.254
0.317236	125.254
0.318525	125.255
0.319815	125.254
0.321105	125.254
0.322394	125.255
0.323684	125.253
0.324973	125.252
0.326263	125.252
0.327553	125.249
0.328842	125.247
0.330132	125.248
0.331421	125.246
0.332711	125.246
0.334	125.245
0.33529	125.245
0.33658	125.246
0.337869	125.246
0.339159	125.247
0.340448	125.247
0.341738	125.246
0.343027	125.246
0.344317	125.247
0.345607	125.243
0.346896	125.241
0.348186	125.241
0.349475	125.24
0.350765	125.238
0.352054	125.238
0.353344	125.236
0.354634	125.234
0.355923	125.235
0.357213	125.235
0.358502	125.235
0.359792	125.236
0.361082	125.234
0.362371	125.234
0.363661	125.235
0.36495	125.235
0.36624	125.235
0.367529	125.236
0.368819	125.236
0.370109	125.236
0.371398	125.237
0.372688	125.237
0.373977	125.237
0.375267	125.238
0.376556	125.238
0.377846	125.238
0.379136	125.236
0.380425	125.237
0.381715	125.232
0.383004	125.227
0.384294	125.228
0.385583	125.228
0.386873	125.228
0.388163	125.226
0.389452	125.226
0.390742	125.227
0.392031	125.227
0.393321	125.227
0.39461	125.227
0.3959	125.228
0.39719	125.225
0.398479	125.226
0.399769	125.226
0.401058	125.226
0.402348	125.226
0.403638	125.227
0.404927	125.227
0.406217	125.227
0.407506	125.225
0.408796	125.225
0.410085	125.225
0.411375	125.225
0.412665	125.226
0.413954	125.226
0.415244	125.226
0.416533	125.226
0.417823	125.227
0.419112	125.227
0.420402	125.227
0.421692	125.222
0.422981	125.222
0.424271	125.222
0.42556	125.222
0.42685	125.223
0.428139	125.223
0.429429	125.22
0.430719	125.218
0.432008	125.218
0.433298	125.218
0.434587	125.218
0.435877	125.218
0.437167	125.216
0.438456	125.216
0.439746	125.216
0.441035	125.216
0.442325	125.216
0.443614	125.217
0.444904	125.217
0.446194	125.217
0.447483	125.214
0.448773	125.214
0.450062	125.214
0.451352	125.215
0.452641	125.215
0.453931	125.215
0.455221	125.215
0.45651	125.215
0.4578	125.215
0.459089	125.216
0.460379	125.216
0.461668	125.216
0.462958	125.216
0.464248	125.216
0.465537	125.216
0.466827	125.216
0.468116	125.217
0.469406	125.217
0.470695	125.217
0.471985	125.217
0.473275	125.217
0.474564	125.217
0.475854	125.214
0.477143	125.211
0.478433	125.212
0.479723	125.212
0.481012	125.212
0.482302	125.212
0.483591	125.212
0.484881	125.212
0.48617	125.212
0.48746	125.212
0.48875	125.213
0.490039	125.213
0.491329	125.213
0.492618	125.213
0.493908	125.213
0.495197	125.21
0.496487	125.21
0.497777	125.21
0.499066	125.21
0.500356	125.211
0.501645	125.211
0.502935	125.211
0.504225	125.211
0.505514	125.208
0.506804	125.208
0.508093	125.208
0.509383	125.208
0.510673	125.208
0.511962	125.208
0.513252	125.208
0.514541	125.208
0.515831	125.209
0.517121	125.209
0.51841	125.209
0.5197	125.209
0.520989	125.209
0.522279	125.209
0.523569	125.209
0.524858	125.209
0.526148	125.209
0.527438	125.209
0.528727	125.21
0.530017	125.21
0.531306	125.21
0.532596	125.21
0.533886	125.21
0.535175	125.21
0.536465	125.21
0.537754	125.21
0.539044	125.21
0.540334	125.21
0.541623	125.21
0.542913	125.211
0.544202	125.211
0.545492	125.208
0.546782	125.208
0.548071	125.208
0.549361	125.208
0.55065	125.208
0.55194	125.208
0.55323	125.208
0.554519	125.205
0.555809	125.205
0.557098	125.205
0.558388	125.205
0.559678	125.205
0.560967	125.205
0.562257	125.205
0.563546	125.205
0.564836	125.205
0.566126	125.205
0.567415	125.206
0.568705	125.206
0.569995	125.206
0.571284	125.206
0.572574	125.206
0.573863	125.206
0.575153	125.206
0.576443	125.206
0.577732	125.206
0.579022	125.206
0.580311	125.206
0.581601	125.206
0.582891	125.206
0.58418	125.206
0.58547	125.206
0.586759	125.207
0.588049	125.207
0.589339	125.207
0.590628	125.207
0.591918	125.207
0.593207	125.207
0.594497	125.207
0.595787	125.207
0.597076	125.207
0.598366	125.207
0.599655	125.207
0.600945	125.207
0.602235	125.207
0.603524	125.207
0.604814	125.204
0.606103	125.204
0.607393	125.204
0.608683	125.204
0.609972	125.204
0.611262	125.204
0.612552	125.204
0.613841	125.201
0.615131	125.201
0.61642	125.201
0.61771	125.201
0.619	125.201
0.620289	125.201
0.621579	125.201
0.622868	125.201
0.624158	125.201
0.625448	125.201
0.626737	125.201
0.628027	125.201
0.629316	125.201
0.630606	125.201
0.631896	125.201
0.633185	125.202
0.634475	125.202
0.635764	125.202
0.637054	125.202
0.638344	125.202
0.639633	125.202
0.640923	125.202
0.642212	125.202
0.643502	125.202
0.644792	125.202
0.646081	125.202
0.647371	125.202
0.64866	125.202
0.64995	125.202
0.65124	125.202
0.652529	125.202
0.653819	125.202
0.655109	125.202
0.656398	125.202
0.657688	125.202
0.658977	125.202
0.660267	125.202
0.661557	125.202
0.662846	125.202
0.664136	125.203
0.665425	125.203
0.666715	125.203
0.668005	125.203
0.669294	125.203
0.670584	125.203
0.671873	125.203
0.673163	125.203
0.674453	125.203
0.675742	125.203
0.677032	125.203
0.678321	125.203
0.679611	125.203
0.680901	125.203
0.68219	125.203
0.68348	125.203
0.684769	125.203
0.686059	125.203
0.687349	125.203
0.688638	125.203
0.689928	125.203
0.691217	125.203
0.692507	125.203
0.693797	125.203
0.695086	125.203
0.696376	125.203
0.697666	125.203
0.698955	125.204
0.700245	125.204
0.701534	125.204
0.702824	125.204
0.704114	125.204
0.705403	125.204
0.706693	125.204
0.707982	125.204
0.709272	125.204
0.710562	125.204
0.711851	125.204
0.713141	125.204
0.71443	125.204
0.71572	125.204
0.71701	125.204
0.718299	125.204
0.719589	125.204
0.720878	125.204
0.722168	125.204
0.723458	125.204
0.724747	125.204
0.726037	125.204
0.727326	125.204
0.728616	125.204
0.729906	125.204
0.731195	125.204
0.732485	125.204
0.733774	125.204
0.735064	125.204
0.736354	125.204
0.737643	125.204
0.738933	125.204
0.740223	125.205
0.741512	125.205
0.742802	125.205
0.744091	125.205
0.745381	125.205
0.746671	125.205
0.74796	125.205
0.74925	125.205
0.750539	125.205
0.751829	125.205
0.753119	125.205
0.754408	125.205
0.755698	125.205
0.756987	125.205
0.758277	125.205
0.759567	125.205
0.760856	125.205
0.762146	125.205
0.763435	125.205
0.764725	125.205
0.766015	125.205
0.767304	125.205
0.768594	125.205
0.769883	125.205
0.771173	125.205
0.772463	125.205
0.773752	125.205
0.775042	125.205
0.776331	125.205
0.777621	125.205
0.778911	125.205
0.7802	125.205
0.78149	125.205
0.78278	125.205
0.784069	125.205
0.785359	125.205
0.786648	125.205
0.787938	125.205
0.789228	125.205
0.790517	125.205
0.791807	125.205
0.793096	125.206
0.794386	125.206
0.795676	125.206
0.796965	125.206
0.798255	125.206
0.799544	125.206
0.800834	125.206
0.802124	125.206
0.803413	125.206
0.804703	125.206
0.805992	125.206
0.807282	125.206
0.808572	125.206
0.809861	125.206
0.811151	125.206
0.81244	125.206
0.81373	125.206
0.81502	125.206
0.816309	125.206
0.817599	125.206
0.818888	125.206
0.820178	125.206
0.821468	125.206
0.822757	125.206
0.824047	125.206
0.825337	125.206
0.826626	125.206
0.827916	125.206
0.829205	125.202
0.830495	125.202
0.831785	125.202
0.833074	125.202
0.834364	125.202
0.835653	125.202
0.836943	125.202
0.838233	125.202
0.839522	125.202
0.840812	125.202
0.842101	125.202
0.843391	125.202
0.844681	125.202
0.84597	125.202
0.84726	125.202
0.848549	125.202
0.849839	125.202
0.851129	125.202
0.852418	125.203
0.853708	125.203
0.854997	125.203
0.856287	125.203
0.857577	125.203
0.858866	125.203
0.860156	125.203
0.861445	125.203
0.862735	125.203
0.864025	125.203
0.865314	125.203
0.866604	125.203
0.867894	125.203
0.869183	125.203
0.870473	125.203
0.871762	125.203
0.873052	125.203
0.874342	125.203
0.875631	125.203
0.876921	125.203
0.87821	125.203
0.8795	125.203
0.88079	125.203
0.882079	125.203
0.883369	125.203
0.884658	125.203
0.885948	125.203
0.887238	125.203
0.888527	125.203
0.889817	125.203
0.891106	125.203
0.892396	125.203
0.893686	125.203
0.894975	125.203
0.896265	125.203
0.897554	125.203
0.898844	125.203
0.900134	125.203
0.901423	125.203
0.902713	125.203
0.904002	125.203
0.905292	125.203
0.906582	125.203
0.907871	125.203
0.909161	125.203
0.910451	125.203
0.91174	125.203
0.91303	125.203
0.914319	125.203
0.915609	125.203
0.916899	125.203
0.918188	125.203
0.919478	125.203
0.920767	125.203
0.922057	125.203
0.923347	125.203
0.924636	125.203
0.925926	125.203
0.927215	125.203
0.928505	125.203
0.929795	125.203
0.931084	125.203
0.932374	125.203
0.933663	125.203
0.934953	125.203
0.936243	125.203
0.937532	125.203
0.938822	125.203
0.940111	125.203
0.941401	125.203
0.942691	125.203
0.94398	125.203
0.94527	125.203
0.946559	125.203
0.947849	125.203
0.949139	125.203
0.950428	125.203
0.951718	125.203
0.953008	125.203
0.954297	125.203
0.955587	125.203
0.956876	125.203
0.958166	125.203
0.959456	125.203
0.960745	125.203
0.962035	125.203
0.963324	125.203
0.964614	125.203
0.965904	125.204
0.967193	125.204
0.968483	125.204
0.969772	125.204
0.971062	125.204
0.972352	125.204
0.973641	125.204
0.974931	125.204
0.97622	125.204
0.97751	125.204
0.9788	125.204
0.980089	125.204
0.981379	125.204
0.982668	125.204
0.983958	125.204
0.985248	125.204
0.986537	125.204
0.987827	125.204
0.989116	125.204
0.990406	125.204
0.991696	125.204
0.992985	125.204
0.994275	125.204
0.995565	125.204
0.996854	125.204
0.998144	125.204
0.999433	125.204
1.00072	125.204
1.00201	125.204
1.0033	125.204
1.00459	125.204
1.00588	125.204
1.00717	125.204
1.00846	125.204
1.00975	125.204
1.01104	125.204
1.01233	125.204
1.01362	125.204
1.01491	125.204
1.0162	125.204
1.01749	125.204
1.01878	125.204
1.02007	125.204
1.02136	125.204
1.02265	125.204
1.02394	125.204
1.02523	125.204
1.02652	125.204
1.0278	125.204
1.02909	125.204
1.03038	125.204
1.03167	125.204
1.03296	125.204
1.03425	125.204
1.03554	125.204
1.03683	125.204
1.03812	125.204
1.03941	125.204
1.0407	125.204
1.04199	125.204
1.04328	125.204
1.04457	125.204
1.04586	125.204
1.04715	125.204
1.04844	125.204
1.04973	125.204
1.05102	125.204
1.05231	125.204
1.0536	125.204
1.05489	125.204
1.05618	125.204
1.05747	125.204
1.05876	125.204
1.06004	125.204
1.06133	125.204
1.06262	125.204
1.06391	125.204
1.0652	125.204
1.06649	125.204
1.06778	125.204
1.06907	125.204
1.07036	125.204
1.07165	125.204
1.07294	125.204
1.07423	125.204
1.07552	125.204
1.07681	125.204
1.0781	125.204
1.07939	125.204
1.08068	125.204
1.08197	125.204
1.08326	125.204
1.08455	125.204
1.08584	125.204
1.08713	125.204
1.08842	125.204
1.08971	125.204
1.091	125.204
1.09228	125.204
1.09357	125.204
1.09486	125.204
1.09615	125.204
1.09744	125.204
1.09873	125.204
1.10002	125.204
1.10131	125.204
1.1026	125.204
1.10389	125.204
1.10518	125.204
1.10647	125.204
1.10776	125.204
1.10905	125.204
1.11034	125.204
1.11163	125.204
1.11292	125.204
1.11421	125.204
1.1155	125.204
1.11679	125.204
1.11808	125.204
1.11937	125.204
1.12066	125.204
1.12195	125.2
1.12324	125.2
1.12453	125.2
1.12581	125.2
1.1271	125.2
1.12839	125.2
1.12968	125.2
1.13097	125.2
1.13226	125.2
1.13355	125.2
1.13484	125.2
1.13613	125.2
1.13742	125.2
1.13871	125.2
1.14	125.2
1.14129	125.2
1.14258	125.2
1.14387	125.2
1.14516	125.2
1.14645	125.2
1.14774	125.2
1.14903	125.2
1.15032	125.2
1.15161	125.2
1.1529	125.2
1.15419	125.2
1.15548	125.2
1.15677	125.2
1.15805	125.2
1.15934	125.2
1.16063	125.2
1.16192	125.2
1.16321	125.2
1.1645	125.2
1.16579	125.2
1.16708	125.2
1.16837	125.2
1.16966	125.2
1.17095	125.2
1.17224	125.2
1.17353	125.2
1.17482	125.2
1.17611	125.2
1.1774	125.2
1.17869	125.2
1.17998	125.2
1.18127	125.2
1.18256	125.2
1.18385	125.2
1.18514	125.2
1.18643	125.2
1.18772	125.2
1.18901	125.2
1.19029	125.2
1.19158	125.2
1.19287	125.2
1.19416	125.2
1.19545	125.2
1.19674	125.2
1.19803	125.2
1.19932	125.2
1.20061	125.2
1.2019	125.2
1.20319	125.2
1.20448	125.2
1.20577	125.2
1.20706	125.2
1.20835	125.2
1.20964	125.2
1.21093	125.2
1.21222	125.2
1.21351	125.2
1.2148	125.2
1.21609	125.2
1.21738	125.2
1.21867	125.2
1.21996	125.2
1.22125	125.2
1.22254	125.2
1.22382	125.2
1.22511	125.2
1.2264	125.2
1.22769	125.2
1.22898	125.2
1.23027	125.2
1.23156	125.2
1.23285	125.2
1.23414	125.2
1.23543	125.2
1.23672	125.2
1.23801	125.2
1.2393	125.2
1.24059	125.2
1.24188	125.2
1.24317	125.2
1.24446	125.2
1.24575	125.2
1.24704	125.2
1.24833	125.2
1.24962	125.2
1.25091	125.2
1.2522	125.2
1.25349	125.2
1.25478	125.2
1.25606	125.2
1.25735	125.2
1.25864	125.2
1.25993	125.2
1.26122	125.2
1.26251	125.2
1.2638	125.197
1.26509	125.197
1.26638	125.197
1.26767	125.197
1.26896	125.197
1.27025	125.197
1.27154	125.197
1.27283	125.197
1.27412	125.197
1.27541	125.197
1.2767	125.197
1.27799	125.197
1.27928	125.197
1.28057	125.197
1.28186	125.197
1.28315	125.197
1.28444	125.197
1.28573	125.197
1.28702	125.197
1.28831	125.197
1.28959	125.197
1.29088	125.197
1.29217	125.197
1.29346	125.197
1.29475	125.197
1.29604	125.197
1.29733	125.197
1.29862	125.197
1.29991	125.197
1.3012	125.197
1.30249	125.197
1.30378	125.197
1.30507	125.197
1.30636	125.197
1.30765	125.197
1.30894	125.197
1.31023	125.193
1.31152	125.193
1.31281	125.193
1.3141	125.193
1.31539	125.193
1.31668	125.193
1.31797	125.193
1.31926	125.193
1.32055	125.193
1.32183	125.193
1.32312	125.193
1.32441	125.193
1.3257	125.193
1.32699	125.193
1.32828	125.193
1.32957	125.193
1.33086	125.193
1.33215	125.193
1.33344	125.193
1.33473	125.193
1.33602	125.193
1.33731	125.193
1.3386	125.193
1.33989	125.193
1.34118	125.193
1.34247	125.193
1.34376	125.193
1.34505	125.193
1.34634	125.193
1.34763	125.193
1.34892	125.193
1.35021	125.193
1.3515	125.193
1.35279	125.193
1.35407	125.193
1.35536	125.193
1.35665	125.193
1.35794	125.193
1.35923	125.193
1.36052	125.193
1.36181	125.193
1.3631	125.193
1.36439	125.193
1.36568	125.193
1.36697	125.193
1.36826	125.193
1.36955	125.193
1.37084	125.193
1.37213	125.193
1.37342	125.193
1.37471	125.193
1.376	125.193
1.37729	125.193
1.37858	125.193
1.37987	125.193
1.38116	125.193
1.38245	125.193
1.38374	125.193
1.38503	125.193
1.38632	125.193
1.3876	125.193
1.38889	125.193
1.39018	125.193
1.39147	125.193
1.39276	125.193
1.39405	125.189
1.39534	125.189
1.39663	125.189
1.39792	125.189
1.39921	125.189
1.4005	125.189
1.40179	125.189
1.40308	125.189
1.40437	125.189
1.40566	125.189
1.40695	125.189
1.40824	125.189
1.40953	125.189
1.41082	125.189
1.41211	125.189
1.4134	125.189
1.41469	125.189
1.41598	125.189
1.41727	125.189
1.41856	125.189
1.41984	125.189
1.42113	125.189
1.42242	125.189
1.42371	125.189
1.425	125.189
1.42629	125.189
1.42758	125.189
1.42887	125.189
1.43016	125.189
1.43145	125.189
1.43274	125.189
1.43403	125.189
1.43532	125.189
1.43661	125.189
1.4379	125.189
1.43919	125.189
1.44048	125.189
1.44177	125.189
1.44306	125.189
1.44435	125.189
1.44564	125.189
1.44693	125.189
1.44822	125.189
1.44951	125.189
1.4508	125.189
1.45209	125.189
1.45337	125.189
1.45466	125.189
1.45595	125.189
1.45724	125.189
1.45853	125.189
1.45982	125.189
1.46111	125.189
1.4624	125.189
1.46369	125.189
1.46498	125.189
1.46627	125.189
1.46756	125.189
1.46885	125.189
1.47014	125.189
1.47143	125.189
1.47272	125.189
1.47401	125.189
1.4753	125.189
1.47659	125.189
1.47788	125.189
1.47917	125.189
1.48046	125.189
1.48175	125.189
1.48304	125.189
1.48433	125.185
1.48561	125.185
1.4869	125.185
1.48819	125.185
1.48948	125.185
1.49077	125.185
1.49206	125.185
1.49335	125.185
1.49464	125.185
1.49593	125.185
1.49722	125.185
1.49851	125.185
1.4998	125.185
1.50109	125.185
